1331601802 1
1331958560 1
1331961243 1
1331995713 1
1331996704 1
1331996854 1
1331999402 1
1332003779 1
1332024553 1
1332026858 1
1332034761 1
1332039768 1
1332044235 1
1332045444 1
1332084412 1
1332085198 1
1332086857 1
1332087220 1
1332087676 1
1332098316 1
1332099702 1
1332102904 1
1332103088 1
1332106680 1
1332106940 1
1332110103 1
1332110626 1
1332110976 1
1332111644 1
1332112156 1
1332113010 1
1332114657 1
1332116198 1
1332117543 1
1332118607 1
1332119997 1
1332120348 1
1332122060 1
1332123537 1
1332124793 1
1332125284 1
1332125828 1
1332127835 1
1332130381 1
1332130496 1
1332131150 1
1332132192 1
1332132219 1
1332136293 1
1332138209 1
1332140634 1
1332143107 1
1332146033 1
1332146655 1
1332150038 1
1332162042 1
1332164012 1
1332165152 1
1332165797 1
1332166700 1
1332167805 1
1332167806 1
1332174187 1
1332178485 1
1332181565 1
1332181871 1
1332185954 1
1332189112 1
1332194248 1
1332197686 1
1332197960 1
1332198783 1
1332199260 1
1332200724 1
1332202717 1
1332202769 1
1332202953 1
1332203043 1
1332204685 1
1332205347 1
1332205454 1
1332206783 1
1332208337 1
1332208704 1
1332209202 1
1332209787 1
1332210941 1
1332211247 1
1332211251 1
1332211488 1
1332212204 1
1332212471 1
1332212678 1
1332213298 1
1332213799 1
1332213981 1
1332214306 1
1332215268 1
1332215426 1
1332215702 1
1332216209 1
1332216809 1
1332218082 1
1332218145 1
1332219159 1
1332219484 1
1332219514 1
1332221033 1
1332221639 1
1332223416 1
1332223418 1
1332223897 1
1332227581 1
1332227878 1
1332228893 1
1332246986 1
1332250747 1
1332266028 1
1332266384 1
1332267446 1
1332270894 1
1332271953 1
1332272765 1
1332273137 1
1332273617 1
1332274964 1
1332275879 1
1332276340 1
1332277510 1
1332278890 1
1332279152 1
1332279413 1
1332280071 1
1332280647 1
1332282186 1
1332282267 1
1332283422 1
1332283665 1
1332286231 1
1332286869 1
1332287200 1
1332287874 1
1332288586 1
1332288932 1
1332293253 1
1332293402 1
1332294639 1
1332295113 1
1332298671 1
1332300909 1
1332303428 1
1332303998 1
1332305228 1
1332306179 1
1332308816 1
1332309855 1
1332310839 1
1332327342 1
1332327746 1
1332340072 1
1332340197 1
1332341901 1
1332347403 1
1332347608 1
1332357216 1
1332359030 1
1332359514 1
1332362345 1
1332364011 1
1332366090 1
1332366479 1
1332366563 1
1332367852 1
1332368369 1
1332368573 1
1332368851 1
1332368953 1
1332369191 1
1332369214 1
1332369761 1
1332371366 1
1332371570 1
1332373945 1
1332374906 1
1332375026 1
1332375229 1
